2790, 
1614, 
1002, 
1711, 
273, 
1383, 
1713, 
2685, 
1245, 
1227, 
322, 
1906, 
2392, 
244, 
1997, 
1463, 
2867, 
2411, 
343, 
615, 
2825, 
1116, 
811, 
1948, 
187, 
1423, 
799, 
775, 
1054, 
1187, 
1708, 
943, 
2872, 
2328, 
1668, 
1006, 
2594, 
2366, 
2071, 
2387, 
1740, 
921, 
812, 
268, 
2320, 
1623, 
1090, 
2099, 
1040, 
1113, 
437, 
1872, 
598, 
2412, 
2050, 
596, 
2083, 
1447, 
2917, 
762, 
2980, 
1012, 
1046, 
1793, 
2311, 
1747, 
223, 
1177, 
2372, 
1661, 
603, 
1184, 
2089, 
1999, 
92, 
1128, 
821, 
128, 
2458, 
298, 
1798, 
1505, 
786, 
1134, 
2553, 
1784, 
2024, 
517, 
818, 
1353, 
2859, 
1144, 
2519, 
1418, 
671, 
44, 
1842, 
340, 
1883, 
1748, 
2235, 
649, 
1161, 
2807, 
2177, 
579, 
411, 
2799, 
2727, 
2422, 
506, 
1100, 
422, 
1214, 
2689, 
2008, 
2980, 
2892, 
1358, 
1397, 
2964, 
1673, 
537, 
1426, 
1141, 
2490, 
2084, 
153, 
2214, 
2636, 
1994, 
1167, 
1992, 
1772, 
2683, 
2803, 
1232, 
726, 
1610, 
1204, 
790, 
1667, 
1077, 
2057, 
2695, 
2373, 
1482, 
734, 
1259, 
86, 
1037, 
298, 
794, 
233, 
1542, 
327, 
114, 
2079, 
1424, 
1218, 
1077, 
1292, 
1409, 
2699, 
1112, 
2885, 
1084, 
1720, 
1805, 
400, 
520, 
2792, 
530, 
727, 
1102, 
114, 
1918, 
750, 
2618, 
1606, 
2775, 
2344, 
2520, 
1639, 
2899, 
32, 
975, 
366, 
1684, 
2341, 
2227, 
1277, 
760, 
542, 
1057, 
828, 
1469, 
2434, 
1358, 
2639, 
1412, 
2993, 
1394, 
1512, 
1599, 
1401, 
1261, 
2352, 
1736, 
2035, 
1474, 
837, 
1529, 
363, 
1980, 
2176, 
700, 
2907, 
1404, 
218, 
2888, 
1357, 
98, 
196, 
2861, 
2837, 
1820, 
1219, 
1844, 
2776, 
67, 
418, 
919, 
841, 
1814, 
1899, 
681, 
2718, 
1376, 
2228, 
1938, 
2376, 
955, 
2235, 
931, 
695, 
1734, 
1921, 
1122, 
2014, 
1723, 
997, 
339, 
200, 
817, 
2181, 
2654, 
2246, 
1582, 
344, 
1924, 
813, 
741, 
1673, 
1463, 
1298, 
1436, 
453, 
765, 
682, 
1187, 
2083, 
2806, 
2611, 
2163, 
2877, 
2958, 
1679, 
1077, 
1165, 
2908, 
929, 
382, 
2961, 
2818, 
740, 
1427, 
2779, 
1602, 
453, 
2353, 
2178, 
1505, 
2789, 
865, 
1071, 
2324, 
1830, 
2267, 
295, 
1048, 
2437, 
2559, 
130, 
2042, 
1085, 
2242, 
3, 
2917, 
762, 
2992, 
2979, 
1971, 
1965, 
1422, 
358, 
1151, 
2818, 
1542, 
2856, 
1516, 
322, 
273, 
2463, 
641, 
2422, 
1456, 
590, 
2237, 
1998, 
1361, 
1122, 
158, 
59, 
1279, 
828, 
1541, 
1976, 
1597, 
2538, 
2514, 
2533, 
674, 
1701, 
1328, 
2068, 
2351, 
2003, 
701, 
701, 
61, 
2413, 
1136, 
2436, 
806, 
271, 
1042, 
946, 
558, 
291, 
1710, 
290, 
2917, 
1108, 
1997, 
833, 
2168, 
2497, 
2706, 
522, 
2560, 
375, 
1272, 
346, 
2390, 
2541, 
1107, 
1911, 
108, 
2551, 
1940, 
1264, 
2391, 
276, 
331, 
2193, 
1469, 
465, 
2192, 
973, 
341, 
647, 
1782, 
344, 
2360, 
293, 
2499, 
1992, 
750, 
1033, 
440, 
2921, 
1558, 
1005, 
1583, 
2226, 
855, 
2799, 
2568, 
686, 
676, 
233, 
2223, 
2923, 
2333, 
2384, 
2555, 
552, 
931, 
2902, 
26, 
807, 
1844, 
2434, 
2148, 
313, 
474, 
109, 
2392, 
2615, 
761, 
2671, 
2045, 
2973, 
402, 
1251, 
2065, 
1281, 
2356, 
2488, 
1898, 
369, 
1693, 
2200, 
2367, 
1059, 
341, 
2969, 
2851, 
1365, 
2866, 
1381, 
142, 
1426, 
771, 
2182, 
213, 
2050, 
360, 
824, 
1590, 
1635, 
1352, 
1843, 
1895, 
1912, 
63, 
1764, 
447, 
2095, 
1222, 
191, 
852, 
792, 
1881, 
244, 
186, 
1154, 
1089, 
1727, 
1563, 
696, 
885, 
252, 
1331, 
324, 
191, 
836, 
1708, 
485, 
738, 
1149, 
2626, 
921, 
271, 
2833, 
1442, 
2978, 
1233, 
2830, 
1407, 
2969, 
2480, 
384, 
1110, 
1763, 
995, 
665, 
1001, 
558, 
319, 
1592, 
1249, 
2720, 
2075, 
382, 
272, 
2598, 
951, 
1012, 
2521, 
2746, 
7, 
2578, 
2240, 
767, 
2630, 
2172, 
157, 
2552, 
232, 
647, 
157, 
214, 
1816, 
2255, 
557, 
1541, 
3, 
1508, 
1695, 
5, 
2684, 
2491, 
2, 
699, 
59, 
67, 
1900, 
2834, 
1877, 
1140, 
1878, 
2937, 
2788, 
1728, 
992, 
1817, 
438, 
1227, 
2046, 
1496, 
2641, 
2765, 
1607, 
2481, 
1765, 
2054, 
2681, 
702, 
1918, 
2923, 
2441, 
778, 
2922, 
395, 
1126, 
2277, 
1470, 
1329, 
2656, 
2321, 
1294, 
1060, 
1816, 
2557, 
2075, 
416, 
531, 
2256, 
2799, 
2732, 
1770, 
2963, 
1984, 
1178, 
2448, 
1638, 
1351, 
2771, 
2511, 
746, 
2829, 
2234, 
1952, 
2333, 
2073, 
2649, 
1469, 
1885, 
1518, 
431, 
2645, 
1370, 
2111, 
197, 
1372, 
1642, 
2187, 
1850, 
2490, 
2323, 
321, 
1359, 
2644, 
1391, 
27, 
471, 
1054, 
1345, 
1947, 
230, 
2817, 
1683, 
2243, 
2395, 
187, 
1271, 
2581, 
2800, 
2789, 
2557, 
1275, 
2904, 
2177, 
1043, 
287, 
2005, 
1904, 
2417, 
671, 
1406, 
1822, 
1869, 
1881, 
2651, 
1245, 
1283, 
213, 
1116, 
2225, 
1535, 
700, 
182, 
2566, 
1056, 
1507, 
2864, 
553, 
1474, 
2719, 
1172, 
2547, 
1753, 
2881, 
2160, 
2042, 
1311, 
246, 
206, 
1299, 
2799, 
2742, 
118, 
1151, 
2272, 
2086, 
2245, 
984, 
2101, 
2124, 
1645, 
1332, 
2948, 
1253, 
1422, 
2421, 
2397, 
1385, 
812, 
1595, 
1808, 
451, 
2403, 
750, 
159, 
1738, 
816, 
1847, 
1117, 
406, 
1099, 
1354, 
2602, 
1529, 
821, 
2437, 
2873, 
2860, 
1047, 
2357, 
1664, 
2975, 
825, 
952, 
1044, 
2734, 
1000, 
1441, 
1917, 
649, 
641, 
1443, 
256, 
2329, 
1334, 
31, 
2379, 
2108, 
219, 
1351, 
327, 
1909, 
242, 
2128, 
2012, 
2244, 
2022, 
2755, 
834, 
562, 
304, 
1195, 
2187, 
2132, 
2077, 
2724, 
2504, 
1484, 
663, 
1650, 
2720, 
119, 
1205, 
287, 
748, 
1900, 
2228, 
1443, 
400, 
823, 
927, 
130, 
1232, 
219, 
2274, 
1865, 
746, 
221, 
989, 
2932, 
1405, 
117, 
2611, 
2049, 
2762, 
2679, 
2863, 
2457, 
2923, 
2031, 
2053, 
527, 
2130, 
1697, 
98, 
1024, 
135, 
2391, 
193, 
447, 
927, 
1345, 
2566, 
2213, 
971, 
2638, 
1566, 
582, 
1184, 
171, 
107, 
292, 
650, 
2960, 
2231, 
2262, 
1327, 
1308, 
1596, 
1949, 
79, 
2792, 
913, 
191, 
2174, 
2252, 
2761, 
1604, 
60, 
2958, 
1847, 
1457, 
2450, 
2081, 
2187, 
1884, 
776, 
2965, 
481, 
2249, 
1167, 
542, 
1928, 
2445, 
1352, 
383, 
2850, 
2367, 
432, 
2953, 
2971, 
356, 
905, 
2816, 
606, 
624, 
1238, 
2979, 
2911, 
371, 
1637, 
1511, 
385, 
1630, 
1690, 
1038, 
1898, 
304, 
291, 
1934, 
1753, 
1945, 
2146, 
1958, 
482, 
1035, 
2610, 
1998, 
1109, 
1775, 
1861, 
1379, 
2292, 
2731, 
1766, 
177, 
1790, 
2763, 
986, 
1076, 
2716, 
22, 
1074, 
555, 
990, 
1903, 
1441, 
154, 
187, 
1720, 
2380, 
1161, 
971, 
2166, 
1719, 
990, 
1727, 
1000, 
344, 
2957, 
1423, 
1864, 
1226, 
1811, 
1305, 
1916, 
1982, 
1254, 
2783, 
771, 
1612, 
1076, 
2569, 
601, 
110, 
801, 
1012, 
1442, 
597, 
2650, 
897, 
395, 
233, 
835, 
2545, 
2704, 
1253, 
2116, 
1647, 
520, 
1789, 
2763, 
554, 
1310, 
1273, 
21, 
87, 
2824, 
1154, 
1150, 
1098, 
2923, 
1065, 
543, 
590, 
507, 
919, 
396, 
79, 
34, 
2320, 
1740, 
1592, 
20, 
112, 
246, 
1197, 
1883, 
900, 
614, 
2411, 
1743, 
1635, 
1063, 
426, 
503, 
1138, 
1, 
1123, 
1906, 
1834, 
2934, 
280, 
2755, 
2520, 
1510, 
233, 
1927, 
267, 
416, 
2181, 
770, 
1335, 
1343, 
2028, 
2921, 
926, 
923, 
376, 
493, 
826, 
1060, 
296, 
1406, 
1020, 
2149, 
1799, 
1265, 
1919, 
1603, 
1783, 
1829, 
715, 
2627, 
1254, 
1862, 
210, 
2090, 
2908, 
773, 
2424, 
2860, 
534, 
2807, 
230, 
1438, 
2867, 
1383, 
1635, 
2261, 
2401, 
634, 
226, 
1541, 
885, 
719, 
2066, 
803, 
2032, 
2556, 
2723, 
2095, 
306, 
326, 
1051, 
1858, 
2966, 
2836, 
225, 
1958, 
877, 
2224, 
1324, 
2855, 
1097, 
1805, 
2890, 
1264, 
174, 
2566, 
2498, 
280, 
2871, 
166, 
2044, 
2686, 
2827, 
281, 
797, 
2420, 
217, 
2465, 
1893, 
630, 
1715, 
1738, 
1454, 
1908, 
867, 
1499, 
405, 
1097, 
1150, 
1943, 
2456, 
819, 
1999, 
1982, 
1689, 
58, 
1901, 
232, 
1674, 
2307, 
2726, 
299, 
2889, 
130, 
284, 
2151, 
1210, 
2386, 
1228, 
1957, 
841, 
1959, 
702, 
11, 
1256, 
681, 
2914, 
2219, 
131, 
1010, 
1766, 
1259, 
2813, 
176, 
1909, 
2152, 
2264, 
2446, 
511, 
833, 
877, 
2594, 
1662, 
2732, 
2005, 
2718, 
726, 
838, 
1262, 
2865, 
2692, 
1415, 
1615, 
2135, 
2359, 
499, 
62, 
2795, 
876, 
2209, 
1211, 
1725, 
2015, 
717, 
151, 
2483, 
2129, 
1763, 
1858, 
1041, 
211, 
1439, 
2242, 
1492, 
2984, 
2983, 
321, 
1225, 
1146, 
538, 
887, 
2809, 
2539, 
2440, 
2860, 
2378, 
181, 
1968, 
2303, 
2388, 
2506, 
1733, 
100, 
2973, 
1854, 
2281, 
2058, 
518, 
803, 
697, 
1886, 
1031, 
500, 
588, 
668, 
2331, 
1410, 
1659, 
699, 
1397, 
1474, 
1893, 
2056, 
1636, 
266, 
2058, 
2994, 
845, 
1199, 
2633, 
269, 
2183, 
1205, 
2722, 
1909, 
206, 
907, 
860, 
379, 
1775, 
2705, 
630, 
2737, 
608, 
1708, 
2043, 
1107, 
2441, 
472, 
1488, 
1118, 
2439, 
1759, 
631, 
2571, 
2512, 
2144, 
424, 
208, 
234, 
1557, 
1642, 
828, 
2042, 
2849, 
693, 
2059, 
233, 
2432, 
1075, 
770, 
954, 
1090, 
757, 
921, 
2188, 
2743, 
1043, 
1605, 
76, 
2220, 
307, 
396, 
118, 
2528, 
2294, 
2130, 
1050, 
578, 
300, 
626, 
2580, 
1064, 
1886, 
2088, 
234, 
2879, 
2407, 
1078, 
870, 
450, 
1477, 
1347, 
2157, 
185, 
1168, 
271, 
1383, 
356, 
321, 
255, 
2990, 
2815, 
1559, 
394, 
1890, 
1949, 
1711, 
2281, 
1163, 
403, 
492, 
75, 
2016, 
871, 
2391, 
818, 
1946, 
1756, 
1896, 
2520, 
983, 
2830, 
545, 
2515, 
173, 
1443, 
776, 
612, 
1783, 
94, 
146, 
2738, 
599, 
2676, 
2354, 
1372, 
1182, 
1515, 
1322, 
795, 
2863, 
2165, 
478, 
2411, 
1526, 
1480, 
552, 
476, 
278, 
1425, 
1266, 
2589, 
1073, 
1935, 
593, 
2825, 
2560, 
462, 
891, 
2944, 
491, 
2956, 
113, 
1640, 
2978, 
157, 
2084, 
36, 
1045, 
1522, 
1204, 
294, 
1698, 
1636, 
433, 
1149, 
1509, 
1760, 
1652, 
215, 
2899, 
1772, 
1207, 
865, 
220, 
727, 
489, 
749, 
2671, 
1040, 
10, 
2599, 
314, 
2029, 
2060, 
2375, 
621, 
2595, 
1978, 
2916, 
2352, 
1844, 
1796, 
578, 
1435, 
1681, 
2215, 
951, 
1460, 
1946, 
1393, 
2540, 
1524, 
2278, 
583, 
1675, 
215, 
589, 
2346, 
49, 
362, 
2500, 
2407, 
2967, 
1575, 
1394, 
75, 
2762, 
2866, 
2092, 
106, 
446, 
162, 
2428, 
615, 
1775, 
1371, 
699, 
1447, 
101, 
452, 
427, 
2581, 
363, 
122, 
2543, 
2499, 
2645, 
1091, 
284, 
1451, 
726, 
5, 
682, 
485, 
515, 
2021, 
2101, 
1157, 
2813, 
437, 
2956, 
1659, 
887, 
1516, 
1652, 
2148, 
1404, 
1776, 
2883, 
1627, 
1106, 
1892, 
498, 
899, 
2448, 
2413, 
647, 
1838, 
613, 
1625, 
2487, 
1662, 
1883, 
4, 
692, 
1428, 
2981, 
915, 
2252, 
663, 
2125, 
977, 
1482, 
1351, 
2086, 
2661, 
2169, 
1435, 
1296, 
331, 
